0
-1.02467774093905
-0.3926850034549295
-0.4286542414747968
-0.23676668605092072
-0.09609808528828194
-0.1693319018563185
-0.38036782999453944
0.40178932328121075
-0.532607586557187
-0.12213582340142148
-0.9843820245721736
0.20327819212754727
0.22402011010640835
0.8116538328955476
-0.4304050844296139
0.4649784420449897
-0.14073787663845577
-0.30217794688833394
0.05275862373744458
0.23339646547269924
-0.08266047717339231
0.2046692873117625
-0.13544002899156452
0.25788940756329426
-0.07579653098744604
0.8626470804478021
0.22394305480580504
0.1996156102335696
-0.7899480003989247
0.7649644954926098
0.515591290431673
0.0654532246600866
0.25041484271425013
-0.21844256248065408
0.23111852667912244
-0.14542876955510897
0.07333274549303077
0.5454916466485364
0.4969001592280256
-0.22214605719541308
-0.1373477128942561
-0.1693125974043299
1.46896486227492
0.24438349647532331
-0.9238745170862963
-0.6230744187676087
0.050062137530737696
-0.9434033599689551
-0.674532169123457
0.2331731022557289
-0.34678721098017734
-0.31668905847777556
0.33264090704352
-0.07506838434549316
0.7561412728918627
-0.06617934545113968
0.07580492021951168
0.49379543653614516
-0.053362383541133
0.6368440550955361
0.6116874882643909
-0.320214259685235
0.45606043879306596
-0.6781720732165136
0.5641502375673741
0.16372853962258643
-0.17692734198615948
0.07173606474395204
0.17389865270851923
-0.4400999622572525
0.3508601970978374
0.8062208596733792
1.27775044332048
0.46821109871078814
-0.6102477329794759
-0.5974027556820893
0.17553618441592528
0.11738110994965009
0.059584776942005646
-0.35953489144714923
0.6903537946197236
0.46445715242394103
-0.332561492024802
0.5490591161743108
-0.13115124901961867
0.13185131020326546
0.04228843105697801
-0.1627927038450274
0.878711653178951
-0.8972871797091609
0.10747833336788956
0.6340731389748975
-0.6071645569925956
0.6205236148787345
-0.6909810307197167
-0.34254369200922424
-0.35641011161085007
-0.5983557470051156
1.1681192770923332
-0.8708326166702135
-0.4948901557124461
-0.297757548799179
-0.87882620039559
-0.34747516510345144
0.09029182008618866
-0.5463533004650155
0.225262052539298
-0.24535416573838842
-0.2885763970539883
0.06702342881975565
-0.4991647941969628
0.37485106003585966
0.1916947141378048
0.533686422252641
0.6105747155023692
-0.16347290149610982
-0.12099440082438823
-0.5526322233989598
0.2721400689640412
0.24391011899710183
-0.0398228320866037
0.3997835770436709
0.6551473457133439
-0.3063572620104852
0.36822993963766326
-0.18282398618603707
0.14225919469358533
-0.28757513082808106
-0.13698460703645643
-0.0998404315271324
-0.9519211494997322
0.5092908238179235
0.08131629020164811
-0.5326373261100911
-0.4050449056221297
-0.028514012008170095
0.6570625156831991
0.14749964339224386
-0.13784697605945426
-0.5387623796914294
0.02227957545081176
0.2542157263393917
1.1340740530961921
0.43391867482041807
0.7354704609135132
0.4785638371572306
0.17032361730296364
0.15452025854007428
-1.049020625830825
-0.37551457494997703
-0.14969022594949022
-0.7151937454049014
0.47892853127632057
0.27630524722501637
-0.36937205150855484
0.006370503556701074
-0.05677176395062561
-0.258379951965922
0.5215125669395008
0.22703242454543066
-0.0030377282307293314
-0.3246979004569428
-1.3371076302433398
0.9205271447027369
-0.20777160911588816
-0.3141418020204398
0.17342570115548486
-0.058447960569666724
0.5276690724265651
-0.18333871238472338
0.455950796120473
0.029160031256914562
0.05259221662695495
0.1776249059936206
-0.12178955947277724
-0.12244433011920332
0.5396850942807765
0.13965848670054548
-0.12416749305533341
-0.2976331203431003
-0.008515175505604454
-0.4691623943674799
0.1814182633475494
0.9006961049893204
-0.28875712895353056
-0.6772806793366384
1.6872746078191376
0.0750405011257397
-0.17986023809108098
0.652219548128361
-0.5775342579489937
0.1774779492707833
-0.5889104792642919
1.2451291538219218
-0.42210505237268126
-0.05213177266675552
0.14148389011700033
-0.8756302230388279
-0.12404797536022968
-0.6025379575018073
-0.779834655371588
0.47859493855261787
-0.626720988366825
-0.02614782819858273
0.23397590890870756
0.05645680115376622
-0.41330240526714235
0.11568194785505514
-0.4344158404002629
1.1367609085042796
-0.7422599162841942
0.2995854342783653
-0.18212658973611903
0.41260484172076445
-0.5915385091849947
-0.5109090106592609
0.12136461144114857
-1.3433443258541347
-0.644976539038111
-0.12064949070875033
-0.6578712569181205
-0.37233037909934485
-0.5053090179370536
0.6354271631459115
-0.07621109004734089
0.33197513715957144
-0.10004025946650924
0.46801815025476545
-0.4635702565626976
0.11292949258938781
-0.060788885153637895
-0.6066808569543276
-0.5251383150540357
-0.027531671502123836
-0.8883389454207022
0.007220291834929976
-0.4800642207619208
0.12495906684853077
1.1304645213912237
-0.5579943813190538
-0.6673774631870859
-0.36756117050140985
-0.10975504527704942
-0.16036528869556127
-0.24090680211350554
-0.5023912831357167
0.5711942588208425
0.9033195554647869
-0.690494030281346
0.9676448535473772
0.22205215269313475
0.851282652801622
0.08303728773620511
-0.6934911143742204
1.0308721659690498
-0.5678352015937793
0.2545600407378834
-0.2525633141591694
0.14325366283508698
0.375339000727895
-0.7863854060544663
-0.6034370420973246
-0.17154597310723413
0.8128745503075312
0.3777034063236281
-0.984270013498449
0.44679318691349856
0.4238460751510882
-0.1849333609848397
-0.1747935158237081
0.1495150912387715
0.07793234530189692
-0.025917056930234134
0.015812212864364246
-0.4767214345117452
-0.42804074930909936
0.01920446714892249
0.0784888694590324
0.07950445769615201
-0.31735242773724204
-0.015606136768852252
-1.0091699863513137
0.30985135918609436
1.8376167169647266
0.5372019464897264
0.7476682591612539
0.5082990324439122
-0.4640531391357723
-0.14754111556913965
-0.7466650178603984
0.09193698124774038
-0.12072921346168092
-0.06274209187967426
-0.4068994408069471
0.21999506948457426
0.6460665291288141
-0.3464448920678416
-0.7636776456675609
0.6248083434699472
-0.17125351011871642
0.1132622453108296
0.8430319570880127
0.6808504570333169
-0.08088688327916944
-0.5901869729120487
0.08031098218113282
-0.520375142612417
-0.20778340876279708
0.3227636538166567
-0.021800867781772256
0.47801599094873265
-0.6860215807116827
-0.16116610606358275
-0.13994136925303927
-0.18181274940920536
-0.7318992875963314
-0.8248205233004157
-0.23829369819928758
-0.6907788469842931
-0.27723468051477085
-0.42885204006312966
0.5113036850607342
0.012731203529195254
0.2782286226793515
-0.30085712841288537
-0.11502885351588257
0.3001673701941642
0.52273010243881
1.1941831754916246
0.5143912320370122
-0.3628649084661057
-0.028870335269178288
-0.012913613993357997
0.19168220852008366
0.17178110211026168
0.051870516901343505
-0.06214622777185523
-0.5235937054017356
0.6125551451056768
0.4281879671661998
0.25092649394536937
-0.4971614192223488
0.16683432161662418
0.03490588342634965
-0.8346361427109744
-0.9044532462523044
-0.5031979204372067
0.3925227314861992
-0.6727253799279929
-0.6588271516593714
0.5250087019186069
-0.38076442723225246
-0.05318761743451111
-0.03203789566126558
-0.5586133918950934
0.3186306310775705
-0.056711358244473827
-0.030361275760669902
-0.2516497303929847
0.048517832831338814
-0.16776973522657745
0.09324342497077738
-0.19272525056953047
0.9348057647435964
1.390236724092481
-1.1268146491826734
-0.2858843458412147
0.7235680827128967
-0.062388314044220156
0.4282394204546161
0.2979029944966618
0.45975292435801446
0.6593338204199705
-0.013518616025077285
0.1171482428247955
0.055737542868562584
0.22990110032613992
-1.1628439834020796
-0.7858986289477734
-0.6385154999591898
0.7035187759490515
1.1735162211765058
-0.22150920059312568
-0.5411373488720459
-0.4519513412752981
-0.012431740833113214
-0.4526402948570395
0.27989897618492404
0.3710836368537259
0.06474992750630595
0.31589418417138176
0.49011349002393695
-0.8270056607733505
0.4253532879809342
-1.0482604605119006
-0.4889866169369881
-0.5055131122081978
0.7930258181544537
0.01706432680000951
1.0925454444380853
-0.1605674247579273
0.5401431824808269
0.3943500797685032
1.1590589343054907
-0.8070591504023248
0.49716465853046377
-0.19048448531164625
-0.32513252897136047
-0.033104217112527146
-0.13050854101780515
-1.156243451906077
0.7558443368263582
0.9623383614174891
0.4462435534016667
1.294258963644141
-0.574776370663044
1.1602393206178432
0.41483429919709414
-0.5509889966274708
0.16282810455056326
0.5641505901077226
0.2692873351907508
0.8910564196700747
0.5669770697005775
-0.2704121942559561
-0.7582527160787605
-0.5817630593376657
-0.4876732908639172
-0.2516001595709054
0.07092995356388163
-0.649858975822124
0.12488302908002857
0.3991174094127574
-0.06398009338633777
-0.04900594180333308
-0.24986566470132726
0.07580429028071595
-0.004656851761427258
0.03782370395716751
-0.47023251696111945
-0.11544709936142875
0.8584769294264523
-0.22119083799137518
-0.3546061645738269
0.7145743069896235
0.305080893005552
-0.7461106287339385
-0.17862766050045234
0.42347227387030884
0.5040790664577541
-0.8676819681693821
-0.7476870228227984
0.4904402429026452
-0.5665388908657083
-0.48883792708024687
0.1615280535445714
0.14535758079252997
0.011451308864803597
0.0336172892409109
-0.21885761013716085
-0.07174286803324635
-0.32747328046995056
0.4096943008228046
1.642370917780853
-0.0121541753326019
1.2970792013579397
-0.029253686814396967
-0.05952754332213219
-0.024622501609768255
-0.1122641992187986
-0.7436312065080438
-0.01824449207570049
0.06159817502182728
0.8491118997191233
0.41177657362263753
0.6612670570821834
0.7861571809034746
0.5905282262693664
-0.5883915573325647
0.02595251906865985
0.9787121232509702
0.019129135397352726
-0.19242442089790693
0.722254623351489
0.6338059194021886
-0.4179771936344118
0.11150143901490273
-0.6517400088814573
-0.5551117541738293
-0.08211581361257007
-0.47980962804012334
-0.16021557112044785
-0.06980599895988641
-1.267777315278608
0.02506407955920184
0.39686104256725774
0.04123192511812067
0.35870219896728384
0.16932499328438813
0.2092102611747059
-0.5228232509098353
0.2072751213930717
-0.35378132767470444
0.8594796974538013
0.32612843428815996
0.7345332291563876
0.045696528690935205
0.26140158961357285
0.4057250822260379
0.20472081013933088
0.4120954974401008
-0.2847564442466669
0.985033521831443
-0.562387790772335
0.1843351710719946
0.20069424149078033
-0.25621585227525073
-0.2754705489986195
-0.995481447050259
-0.07315409342771594
-0.3007413295869968
0.09008714583319687
0.23380939966373826
-0.8743887787942078
-0.2478748530628485
-0.5178623371081893
0.36127720065796426
0.40652319076827204
1.0451408620999854
0.06933689703997559
-0.8493502741949757
0.9282825356902599
-0.7943437554477243
-0.32480605358975884
0.25519645614771147
-0.30741763425838164
-0.07023387963993188
0.4114188747266287
-0.3652288637428799
0.12158225443048978
-0.0460554001727454
0.016210116256287127
-0.8540925502294126
-0.9564724808165761
0.2920721102366638
-0.06563823341106428
0.36801774096518264
-0.17398924976783323
0.026663001736352276
0.44835027779473197
0.5893511568565228
0.10596237018229915
0.22278753778117968
0.12520135960025808
-0.4608819419053923
-0.07590452798504364
0.12150501997041163
-0.1562750997006047
0.09800820549707101
-0.6817835429100411
0.4088574522754823
-0.5073127306200543
-0.6430219939740973
0.028512612221353907
0.028861398742818692
-0.02324168044381332
0.0538809589585265
-0.8206108660107615
-0.05581443609594046
0.824010230875733
0.17612401564375293
0.07745246644453865
-0.7694632550538225
0.2536760076896213
0.2663054395612152
0.7414987800593056
0.2785635945550305
0.07792997322597695
-0.371524501601017
0.08058910476536658
-0.8149683733898527
0.9209912584260143
-0.7844800400112273
0.9321134576270148
0.6976269958823655
1.0197916614309415
0.4461627267486225
0.9697897740491758
0.9478452447286643
0.07764919476006929
-0.9093966425842983
0.16731130852660986
0.41250510494580905
-0.5315920306761337
0.18989618599731262
-0.38051988500356654
-0.5725248747739182
0.5075763101890982
-1.0003414810671787
-0.2823505519539662
-0.8130061116888889
0.6096895327028513
-0.27095731443967774
-0.4351252248656903
0.21286788491774628
-0.423018148082817
-0.6311270377763828
-0.41416422668591263
0.03474339402339441
0.17358043905093634
-0.6254407027857123
0.14867266911916
-0.5099385664214049
0.3956082815215297
-0.6297982972009832
-0.22071668819448775
-0.365392744850388
-0.6269603019454422
0.006702041134607266
-0.8465764174518763
0.287211638235775
0.20745140147024035
-0.9344189652437644
0.9358464766361879
0.4528729372820557
0.8123062688128546
0.13707760187170642
-1.3114202490968754
-1.3086932475939084
1.0107753963507984
0.9322328513164322
0.23983780271258712
-0.2351339808852292
-0.27093482117080736
-0.07752552121957274
-0.4200963148940799
-0.31573937376579475
0.382738407185155
0.39251319938445467
0.6020270068647804
0.17861184854741347
-0.11569592132967138
-1.0049715623838344
-0.6291208919582967
-0.8904988257385564
0.5929771770866126
-0.5384115545390662
-0.8351654348129314
0.38120411535367793
0.17951021032352
0.22306271763688298
-0.792612183819663
0.3026072555095599
1.011125217788061
-0.05032478377917695
-0.4285092684500022
-0.28400550893034415
-0.23729479135444256
-0.09505240821799832
1.1829597853729625
1.1350547185919295
0.6487006867720307
0.4895402860295125
0.15711405311052093
0.037463343974070404
-0.362591894543857
0.027225260925252542
-0.08364865647931764
-0.013161487879905787
0.238927591400517
-0.028591193858210427
0.4874818478027383
-0.0121997112276854
-0.07963311774323222
-0.5326216357280741
-0.1594178988330296
-0.6340429169826289
0.2705705708619407
-0.29892547079522225
-0.6706243242458345
-0.33190642420176725
-0.9810484792479762
-0.7894930614618727
0.4518390051042248
0.23173620622399493
0.5441512367216345
1.118378032378638
-0.39024324109189024
0.7933024930520508
-0.45266321262921516
-0.0820346662937448
-0.8422465518391313
0.0768892104707597
1.2011791970197596
1.3492709529924785
0.5240526109962599
0.07810290687792013
0.8631553148201343
0.3296459541934532
-0.2769584587440759
0.247788421250063
-0.4883805060311508
-0.3227304513745537
0.016718456933417003
0.6704262441374952
0.5562453874399845
-0.030447943164630592
-0.007184652622068605
-0.39643688294894674
0.04788231085429871
-0.020823293481122496
0.49146882334960784
-0.11998692584388214
0.25780980988836066
0.34572560347436065
-0.00503288956933648
-0.0390220487674397
0.15793895070285402
-0.3533121951663325
-0.48869231643455274
-0.5765692922631863
-0.48499518634380784
-0.604783843782029
-0.8551663393264416
-0.056352109487457384
-0.5475231759708103
-0.3447915138188185
-0.5320734479778143
0.3013868861182729
0.4182738622195631
-0.2042410061864386
1.1720144052242958
-0.5107203284932182
-0.7780630429290712
-0.17971269108436805
-0.6471079318170941
-0.6089355647228031
0.46218951579970113
0.5240196774180275
-0.09369450939245155
1.0073582996768762
1.006120489102911
0.14380937223384857
0.4060955542257832
-0.45416355299263517
-0.48158217850116813
-0.18333957387503053
-0.5846358453327595
0.45761540698646397
-0.028537503285466802
-0.04147018187368001
-0.051781097401053355
0.18836275458687834
-0.8666609935688804
0.7718563294958698
0.9519318385683206
0.818561821031731
-0.8890216342903016
0.08952190967301946
0.01318163055063331
0.6198759638487441
0.2685141489897962
-0.031813890034380184
0.16493346796726194
-0.07302836120709577
-0.16953243231758652
0.3718665549667949
-0.0023501892890513687
0.0753923851126469
-0.2119782838967726
0.003455253800728683
0.7672140312369012
0.9742719841911788
0.6072300800353115
0.9704696060293658
0.8747331653295517
1.0773564951539896
1.0043697576545974
1.2743648677413193
1.2086189578095197
0.8503257390013887
0.35220313128194813
0.34492677521273435
0.5006225809050376
0.4773562839341829
-0.1640494481692409
-0.31700307229650543
-1.0981029959224358
-0.4648362800527293
-0.5368323328656297
-0.4972942597123935
-0.9867302610778237
-1.3546936026488838
-0.6055532307861216
-0.8032633711384971
-1.0013134084464084
-0.8115493221606164
-1.0419880504458277
0.42444653505882923
-0.03787378179448049
0.08564427553763085
0.2533342508388502
0.11643077088039694
0.010323564426434999
0.8232047037233771
0.9551070329952258
1.1257664049993372
0.8994463506810997
0.8152453245079951
0.9897111681033456
0.7251696984008372
0.5894219446429604
0.6008779068344051
0.7312625070074937
0.6233651481785161
0.07815239088327253
-0.48064264345738417
-0.175309844867893
0.05666240010640748
-0.9446763891732823
-0.5651066423977059
-0.792545225725618
-0.7967478150710948
-0.8156415657455871
-0.7228795990772123
-0.939356832858322
-1.0664329269067871
-0.9790111674014875
-0.6856636953041628
-0.7743755471134071
-0.850361129515883
-0.11264644549898381
0.5016068745888493
0.5749947565072779
0.4033825084089464
0.42285491750988724
0.1078086576355485
1.018189429158258
0.7575274783864862
0.922298168210611
1.3250527947099942
0.8075760482550871
0.8351287102850057
0.6974624445010721
0.6558927369213761
0.5148573525672715
0.572265723148046
0.04008079840011549
0.6540465085590982
-0.5213288504502446
0.052858035690910604
0.03533160225838072
-0.5808016956331741
-0.7352700114390782
-0.5645616488450295
-0.9673990230793739
-0.9637384309413245
-1.247785389782512
-0.899680598133127
-0.7803526522130828
-1.1939229091342611
-0.9593953817415937
-0.8706193830149236
-0.36204780986654883
-0.47464356815686143
-0.3287375093611763
-0.2812873541971598
0.6280764691265591
0.317504971428916
0.22901719558163244
0.9137487537686774
0.4640950618654614
1.070730215837345
0.9009660346948096
1.2930895189069884
0.9876732708604153
1.0276167034421364
0.7113218260982072
1.0288631289699324
0.41551596828316917
-0.043402474305134706
0.23621390068236237
-0.030915119909132555
-0.11488296677194837
-0.8293506292585627
-0.6615625099473036
-1.051735281683831
-0.664264846686832
-0.9234827974239626
-0.8604687168503309
-1.039893462861144
-0.7261208949129555
-1.0113204388538066
-1.3316840821097577
-0.6804507971966711
-0.06633119992130021
-0.45477230856645157
-0.6189946999046365
-0.21790949479417554
0.4090151100890238
0.3815183004757248
0.8323582508531705
1.187780170499882
0.5545839862201816
1.0079825794071564
0.9789378246455551
0.8587852661174437
1.122950082627664
0.5034172478588755
0.4615725131554299
0.6921740783189366
0.35651848849233847
0.882293610558715
0.5896846271373277
0.6845403484408246
0.2364519940412878
-0.8741117931916009
0.21669314385622337
1.2309300068896474
-0.004899221726473668
0.2028874896932064
-0.23100221782221964
0.07218369263529656
-0.3650530384760283
-0.16742716848721373
-0.7486467907249296
-0.43098388530237736
-0.12295033955857526
0.11281213790785138
-0.1778063818552145
-0.3638386044537894
0.1453399152720994
0.06339429693985205
0.05465215176969497
-0.1812976099075842
-0.0594230423651947
-0.011485796309227789
-0.09668015290933596
-0.018831430827430336
0.36802825287440327
-0.5093547401520038
0.4842918958109987
0.444595524756646
0.8909207525222385
-1.037569408855777
0.5728111303840244
0.4873610221923466
-0.7789165712833028
-0.007921299519641628
0.3017704505420933
0.1335777852928976
0.936861703494919
0.6497999390607353
0.6023527899575901
-0.769042332695225
-0.6268897314617152
-1.4116289555565045
0.5110995457769942
0.5089068033761948
-0.5329340037855846
-0.6138128480493682
0.6776674356876995
-0.07198091872956554
0.548754690068694
-0.1833955475633096
-0.06227415028272232
0.4767189721931021
-0.2694423956568549
-0.758317637409647
-0.45113383443080063
0.2633476540635582
-0.3213273455271822
-0.8060458803685193
-0.022264628668759646
-0.3266083879483525
0.15596434294081193
0.7956163554428898
0.7729377853700381
-0.11822562092859618
0.7358807018897283
-0.16556106824991068
0.9206062248492123
0.39656153166348995
0.9986045802337746
-0.5723456331717878
-1.1369406221939027
-0.30324236299185875
-0.2152230897438037
0.8206010768484076
-1.0524106599250915
0.5765255389317111
0.25281551586307194
-0.11825449216740117
-0.5773317288278798
-0.40441287249882985
-0.3217961839314123
-0.055530737752342546
-1.1733885030319537
-0.5621497834920655
-1.3218577987524434
