0
-0.3355552475413323
-0.20243769070049122
0.28407571133838877
-0.7147558826111389
0.10646016414414179
0.37396506437020616
-0.14954237124061387
0.861145189219894
0.49115824862360236
-1.2170928106857801
0.4524329464707538
-0.6034640500082601
-0.3749208826311141
0.2588470162663828
-0.026870590917061954
0.8524707665557983
-0.26781665782519565
0.2140384200666976
-0.4065739886326054
0.26145176221343575
-0.16052997921429882
0.3207626378935098
-0.07691055729102902
0.411250354358551
0.8468890083425717
-0.4591261161173042
1.043558259933501
1.0033206546047524
0.513271432719818
-0.5200929012161171
-0.2947392826906679
0.8639129845914596
-0.4091776543158482
-0.3628087773679203
-0.4943588807909343
0.7683934629651599
-0.11866900097812975
1.792831411549753
0.18647876683706668
0.014601090648165532
-0.08886996708986568
0.7834392474738315
0.3808026952127651
0.4360644004066852
-0.20540685946838919
0.8197849581824158
-0.11322549043632026
0.2654425870216601
-0.30264146929827085
0.7679642598550548
0.5986256777341625
-0.5045526633574369
0.06951545619274618
0.15332854674734472
-0.35291130056636655
-0.29074645214984557
0.10178924912252915
-0.03601931897071471
-0.05284602126787541
-0.036287812629238664
-0.42078862168270365
-0.298690390363458
0.4046021895676596
-1.550941365273289
-0.37622201677430145
0.33697796880748593
-0.31842436451130457
0.43754248645433735
-0.19497706797448489
-0.17936641756191307
-0.22489613014196846
0.26721987979978973
0.5196936510637419
0.666789821541229
0.5277259807545359
-0.5267288250080586
0.2873948059049505
1.0971661600983365
0.7865071360607613
0.7620646633610486
-0.7668993227616296
0.8854098348321388
0.22717785463038437
0.33097932552777853
0.10664441992807232
-0.2487317746009046
-0.1409444007634022
0.08794530267680709
-0.5742330179282644
-1.1542809775537881
0.31167880600690745
0.32020231075395783
-0.03329453966958046
-0.11466037198817806
-0.19034177870481886
-0.21366770122469075
-0.2699724612901546
-0.5751518549153994
0.024847742753459547
0.15237191749997048
0.7440276643556704
-0.002751558168177015
0.16412412568263243
-0.6774442590265184
0.32915667270310534
0.15403436035151122
-0.5819229106859147
-0.44855946044738804
-0.2949017247148905
0.09018009130725971
-1.2712194860714197
0.5358978119077946
-0.5020098444631929
-0.4798413253902507
-0.4674950875597269
-0.15225884646020219
-0.3039646524940712
-0.14239280918899458
0.4829336403486949
-0.4438862769382604
0.2862014561634413
-0.1427841231438509
0.28171205913470815
0.4276243333879463
0.15250880500693006
-0.32636736061005334
0.028674008984530763
-0.23963457441703512
0.8886971979960935
-0.27576233195223016
-0.25536592914107126
0.23528123642783705
0.16600402718731325
0.03588636785295993
0.012595526595452006
0.02895415972501117
1.65425449690054
-0.0027299241673013203
-0.49657573422463724
-0.7581576239846514
-0.35966083331226467
0.6670238041164844
-1.0649036021973277
-0.39468623043951484
-0.13829809852332534
1.140264228488028
-0.22367013679580153
0.08789885075654397
0.223475066300098
-0.28572846579650485
0.1634852580736404
-0.06463547649096
0.2869821249908171
-0.36023570728161514
-0.031504907582522806
0.3989961496048577
0.680101617554624
-1.1798962325083182
-0.45450936121692387
-0.2959492267381465
0.017200011327320325
0.05692155608573203
-0.2623629401800081
0.8792611109197916
0.11151399524437074
0.20360627542742493
-0.13156087271217926
-0.0831984424082172
0.7719408309325324
-0.035170328121274186
-0.8075560901545928
0.30021011840260253
-0.3604619810505969
-0.6753347981005118
-0.49919317503476013
0.5770670341204344
-0.07850787919875925
-1.0061356910890236
-0.004816502457686375
0.14343774704855577
0.03862031345524798
-0.6324037911514357
-0.03915056365630386
0.2781254908512415
0.18408608840136662
-0.19045713494908023
0.04558100800514581
-0.8426881698565113
-0.9741876368058819
0.9330156368995074
0.3867932951851111
0.3500493356049682
-0.21878886310822687
0.8102885682034648
0.9084151087075824
0.11065166242221199
-0.3032441593852645
-0.5719271992605726
0.30532974882865893
0.11671965083832013
-0.009107400993361346
-0.8729014469147806
-0.2631322618712105
-0.6416134446368374
-0.17144951805340716
0.1313467870078887
-0.40618401833119133
0.1666933816910838
-0.7266142087811501
0.7317511650050739
0.08233055993025211
0.24579973028205118
-0.36784837582182617
0.7464608641493696
0.16333926009536623
-0.270568657347244
0.19977978204751337
1.2794274163083843
1.3345925931812967
0.12772086686143255
0.25577071190836376
-0.1370265282468957
-0.38311847724479875
-0.5335366027969297
-0.8721528745713978
0.07004302865169082
-1.2107777447340948
0.2585259490831041
-0.25288920209426835
-0.027867956238330896
-1.2215895387061635
0.5615804197346946
0.8975805688791549
-1.0399355162449928
-0.26300557019090154
-0.934644450940655
-0.16997135596594792
0.2162773702167642
-0.2044052111119161
0.7385152342765424
0.835377653282479
0.4302751230366771
0.8325910620738891
-0.7474978276075847
0.44838743469955344
0.32924990484426886
1.0915331204782492
-0.7567064890496167
-1.1436370832716465
-0.2809030651006079
0.3518686671645922
0.25052237562140234
0.3338381996346571
0.06187023210830164
0.15438140530654265
0.382496565062618
-0.4556573893391168
-0.42147987751152205
0.328563486517228
0.8745310780112768
0.8141432324630224
0.5859856072349603
0.011174492922999648
0.4430320444821577
-0.09178688536584353
0.5574057070730575
-0.532239356639127
0.3299560493313215
-1.0451074489834566
-0.09215602640200037
-0.3364682699129121
0.7097884263106495
-0.4084258303667697
-0.008823313141034184
-0.22449258273281003
-0.19811530825700963
0.2249190946877594
-0.4315986834588225
-0.6644103447745863
0.5969811694787576
-0.04183276489614221
0.5858281091691411
0.11608295225782078
-0.7397437187679592
-0.39953740654444303
0.5079031929298617
-0.38741362744115826
0.21475693392625705
0.01892121627616286
0.04127834604063603
0.4390536231261162
-0.09282855979513562
-0.12820968516973882
0.5887123294545811
0.7586119906169811
-0.9171865210963351
0.07085940610964402
0.28162838035965737
0.4239941763679793
0.5753039191552112
0.11701257294632242
-0.11588305649294113
1.0705535813950455
0.09373810682436795
0.23125441104343014
0.6313911298344121
1.103954329424718
0.19347010658993646
-0.024602814773995254
0.4359072115861975
-1.4821465148090223
-0.40840991834039997
0.5101857721947408
-0.2029291997779383
0.9974696363246162
0.3769118636010079
-0.40751090704875387
0.7197240990074497
0.3159107323873171
0.10002089285092428
0.0803135367243267
0.35780182846546527
0.3066091075103889
1.0502144101565514
0.6885731473033132
0.5724488156818958
0.6469156360095014
1.014990068411106
1.1196494243714583
0.9079051735595667
1.0264812623917046
0.8178609671412932
0.8620245088006726
0.819853929684796
0.6319685074910721
0.15966313263188323
0.7201949919120243
0.5646274518003894
0.37899069203968305
-0.20951683429251516
-0.23410726952986227
-0.060203382912637604
-0.33021930968458146
-0.6428749207898974
-0.8969236715421006
-0.9836450320712641
-1.0372800771148998
-0.8041088069181799
-0.7984893780021478
-1.1215111155238673
-0.7841551037124032
-0.9837424242136393
-0.807919636053821
-0.6485326071163782
-0.6312505220911798
-0.5647452288864652
-0.587157098760077
-0.48470259390014125
-0.34145399237272644
0.11819465441101616
0.03775474259971694
0.13521543274100578
0.43087614452394846
0.47571546155799344
0.6776331937010902
0.5411594758707331
0.6755167460423762
0.8858881060334184
1.1036034144266467
0.9987598684161413
0.9071230765157939
0.8152257083387717
1.189757580740674
0.6459692889570862
0.9831851218287616
0.6749148721020979
0.3693712625923248
0.590791500846483
0.3535893419197337
0.030842344602134895
0.08005442084782977
-0.08533166956124463
-0.5753705317376315
-0.46772808025290097
-0.4448322284622914
-0.5382526991448167
-0.7963130119471422
-0.7315634636758076
-0.956328103316153
-0.8053568838182529
-1.1704519663992408
-0.9929761099323198
-1.0487823891867398
-0.958676707583608
-0.8541980482627343
-0.7264472725796955
-0.6724368323583517
-0.3108872557815966
-0.2616267126548542
-0.21195738042969978
-0.004240738105719469
0.29431263839196686
0.09490240534686492
0.3068186040121868
0.676858393432308
0.5862812274313672
0.6127312858858025
0.8312067422911739
0.9810507032559924
0.799199017401519
0.8991832261329157
1.105650331473078
1.0306571865551684
0.992129606857912
0.7204333420341617
0.9012252413916413
0.77649260894622
0.48015051734569936
0.3113043352327892
0.29069783609641137
-0.13862691576382824
0.19350412232040423
-0.3601681963702529
-0.3842428806252302
-0.5504713166601839
-0.519843283885887
-0.6573097486843669
-0.9020135734108342
-0.9082936990685517
-1.0509705899064918
-1.0854487038043215
-1.243193892178621
-1.0768218885898304
-1.0717807430432904
-0.9974370195235873
-0.8577735261698053
-0.45369631730666704
-0.6220096989128199
-0.1354551437286881
-0.341224872420553
0.0015603555658016029
0.13611447338119387
0.23434748928092086
0.12013867251236106
0.8064171088831805
0.3469644299478477
0.760308423367231
0.5766689893082435
0.733383313195637
0.894259490065637
1.0646006473781804
0.9191965834313323
0.8249387196846579
0.744901642034467
0.9290924778817405
0.9044561486021219
0.5417466042487784
0.6637627516745501
0.24038681074502577
1.6972656604138208
-0.628337933042289
0.487045956413531
0.17932152617723623
-0.13458577617523398
0.6600680994355738
0.594822533979505
0.6847214903351018
1.8554137440737974
0.10448331540736995
-0.2327869184340632
-0.8900667398624763
-0.7638920459328993
-0.2097223224068439
-0.30072316874956645
-0.20830477775582054
-0.26945361567923964
-0.10528987071435918
0.0015144214797446938
-1.1359229009613554
0.10168300861955532
-0.25371624495620376
-0.11008014147765385
0.4936678754197996
-0.27205412170070814
0.28940499807620246
0.4463276377856113
0.32001011028007176
-0.06643216062761204
0.14749791462146167
0.19671529306960933
-0.04592398796134691
-0.03570538759586295
0.03470292109888967
-0.1861212451038623
-0.5098648910762597
0.125274982941116
-0.641261322684199
-0.9939669016170256
-0.4415677348105606
-0.3228399571705619
0.08799950585800735
0.5668342445101284
-0.5023866863439888
0.6923164363850686
0.49780552622463065
-0.6269889771945322
0.6810217212595883
0.2090752635985187
0.4512940780592397
0.7334074098012745
-0.01605968185142148
-0.580413804945825
-0.17097143251094993
0.29842737454337065
-0.45261966659390174
-0.06030237106441
1.2528902008905396
0.4747763551195877
-1.0088803609732286
-0.2331481753169926
0.15382410339000802
-0.11774342222836962
0.23863117124423042
0.28922542356164643
-0.07402343963086236
0.6995207113050803
-0.5165498370021318
0.44080297945450775
-1.0867511453178653
-0.14052083378112393
-0.5399015853600819
-0.455555622670915
0.33004561729751697
0.3575419783928271
0.19732557191552197
-0.6402988951229122
-0.48702442665184276
0.2265154587251781
-0.18154587117246984
0.12173939864623261
-0.386980256451397
0.5227738210800874
0.1715081013062313
-0.392700836338818
-0.6053887253492919
-0.25290722153551537
-0.6595873627168823
-0.3562923451283104
0.6585962624080122
-0.33226924800958435
1.038145180494451
1.3349378075587803
-0.20422474782163583
0.8431891172957869
-0.5383840224608438
0.4774968064402559
0.09302144944567611
0.37790975866708154
-0.06923656687484295
0.840529058842099
-0.04335697051343848
-0.3360527263066877
-0.4320336270926802
-0.32165035716322254
-0.9882986193005555
-1.1003610530518957
-0.665933261476355
-0.9129556725677035
-0.01477804263282663
0.06398968947569873
-0.08681086753481287
-0.518242721041974
-1.4716884949676758
-0.26472413907500103
0.15147408989312316
0.23841413817689333
0.376859358284292
0.3210016470799333
0.23153533778745838
0.07953051928494895
0.09206671865048044
0.274867428725283
-0.1447296066478749
-0.012819713322922581
-0.12434041290966531
-0.1640426483408792
0.6983723327357128
0.03182414318318476
-0.5624620487106677
-0.803019314762239
0.227529509911259
1.1962904792804667
0.3650966122632612
-0.5541264260869078
-0.9910566005591083
-0.7837711353472446
0.3421089557458285
0.5249306845747236
0.2300769372960379
-0.4075609023145085
-0.47037403949450396
-0.20520612894486784
-0.6646842764552872
0.42818073065266404
0.3108001423497777
0.6239095217298256
0.15378891665384178
0.3628573647959015
-0.5281154256758096
0.38198549181939373
-0.9610964201162014
-0.5131663127117965
-0.45342662141476675
-0.029994426281587022
-1.0533285191855566
0.2968181008221552
-0.10913917703428806
-0.7771956990370997
-0.36405776967803954
-0.7203380307138728
-0.5902548972030273
-0.06420954555492583
0.1871285426969649
0.33509647179628094
-0.6680465828954754
-0.098245085635711
-0.03847036269715994
0.07495268692664184
-0.054654179538538614
0.05329997420271737
1.0268733741012914
0.02389861317636647
0.6638163214477062
-0.8664341620128088
-0.698895563572993
-0.04695034193948444
0.06309371685432442
0.7607496657940074
-0.32166155315033595
0.09259475938717554
0.3849111044656486
0.5539125759103736
-0.5667490379663678
-0.5628453120104941
-0.3282251946653333
-0.15013379525790144
1.2692159807581118
-0.03063172058447733
0.03657231053852193
-0.44169507867767566
-0.1586096435595254
-0.06553767437683507
0.464688779571636
-0.05938006894257962
0.8169973160582256
-1.0843361104584863
0.2735960361115263
-0.1717347334794912
0.1327067679316546
-1.4072481078869903
-0.8054429796857159
0.10272458306709498
-0.04291537108783677
-0.25178105329136813
-0.06525852142052954
0.45515658071256454
-0.3767947687047083
-0.004207010069875949
0.3034935807650361
0.19590360040971153
-0.5993693485957355
0.12174375508881194
-0.7770500424708369
0.3189745189022839
-0.33055879811467104
0.2203996646405345
0.021683103987411426
-0.6985147827702541
-0.022195738633671788
-0.8239893731638945
0.1572563006511939
0.14161630305647654
0.3652818280817763
0.5752139526216057
0.24536955576632374
-0.5118927993417058
-0.11348339853563692
0.3900782467929283
-0.8250813387964115
-0.004027141596055411
-0.011011658812226405
0.9365176540367675
0.1834646888077486
-0.7205309186059364
-0.44493175871395185
0.3170179153824172
0.4616595100853068
-0.25111589509413623
0.4904252969587094
-0.044887762911828076
-0.2861894539876845
0.2605725724054893
-0.7093258031006865
0.7599259094991712
0.44704471320424544
-0.09197183294344556
0.28483997906503655
-0.4228320473580929
-0.7263930871254904
1.1566397325074353
-0.8673212036815143
0.4622903141804467
-0.24340239694083732
-0.5367276742183779
0.7610472699995766
-0.7080472737216225
-0.053395175603721146
-0.17588179068453705
0.19542183554800627
-0.18824362230206793
0.7738429069188533
0.0657386591422927
-0.027275848940821884
-0.43130012771909143
-0.10414406669332543
-0.3314434799629623
-0.37931946596046867
-0.47184871528252936
-1.1790469799639662
0.14873373002751242
-0.9447386113698615
-0.9947753980742481
0.3143272678688076
-0.021973630310126058
0.01262194146878623
-0.5578916339476203
0.19867532132847768
0.24444044833181713
-0.44952335872082094
0.5176165413650358
0.05523425057174979
-0.5429110210469744
-0.6953331059998256
-0.3093380753386847
0.18341596426852547
0.46791731722956736
-0.3992456577503243
-0.10688101106391354
-0.28200542029319836
0.49980707158659565
0.5932371436588324
0.4123700850559464
0.9839121360902161
-0.827416178770586
0.13878970275300673
-0.2712034737803985
-0.06107693146566607
-0.16003545313880893
-0.47630246976268115
-0.11464200326418321
-0.21673263372241608
-0.9364048613207664
-0.24630160030399925
0.5714264900078628
-0.7170830012835172
-0.6107228394288848
-0.3212381176944898
-0.6704895201310945
-0.37556452464547097
-0.1772286588888288
-0.06386595280934732
-0.5084459452977875
0.4594756305312688
-0.9866136277121679
0.5347558922615019
-0.9075144693786017
1.2236873410291422
0.8708663438963694
0.1551828646963413
0.014635850338883746
-0.1498453872976951
-0.2969892147809807
-0.8036876434640563
-0.12600990586600308
0.12475570804237478
-0.9842376331179872
-0.8142133909878349
0.6275216484138764
0.3275072321868719
-0.09743422080398083
-0.3966364982448515
-0.2704195944200935
0.6657397075473047
-0.964788351818709
-0.6180714745798078
-1.0555707182164025
0.7367482767872546
1.4800027805548899
0.21639927392472427
0.7923828559070327
0.23308098748597295
-0.05847891149578813
-0.7353865265969117
-0.9766233747496239
0.06514461130803458
0.06860440864160391
-0.04227932366165456
-0.5649229904145527
0.5169359344916601
0.06038099390959918
-0.39207300790022925
-0.07341042747548998
0.04755929593258863
-0.26783640654944063
0.20977557423407334
0.3500789537017547
1.0481808950817895
-0.383569468264193
-0.35714663868419505
-0.22504381108131535
-0.004931079157700191
0.6680440226815594
-0.0789062140334794
0.07820702893659297
-0.40693733917088953
0.046245024655795976
-0.02438361213413648
-0.5195447249981939
1.451917985747441
0.04669085532271974
0.5243820387452807
-0.7616933085936975
-0.7182767410028834
-0.027145321084590668
0.28684297003857456
0.2550676785724136
-0.47026164733684755
0.35068421047701936
0.5654787162569024
0.021047460567098414
0.081402870656614
-0.7024727533232535
0.6569542647073315
0.282818941019802
-0.24971351431253852
0.15593273216642214
-0.5440293457944047
0.8614249456082878
0.16629184825038934
-0.6423230231950193
0.10733447454858636
0.648187162450254
-0.1942595898122178
0.691451339745766
-0.3065173989966706
-0.45052149202168734
-0.10269324006699691
1.0978875276268565
0.6677530804832236
-0.04940110064166868
0.19430794128686368
0.6553953931418344
0.0656866900525531
0.3236455187526218
0.060526294581233125
-0.769926230606591
0.6774696775739579
-0.330574557510105
-0.05522609674107924
-0.22908650095724548
-0.646874181822613
-0.1572441574166853
-0.571802094600848
0.2690502229681545
-0.8628601326573663
-0.6522145306812765
0.6692004380759542
-0.7288342531450398
-0.12531495897868744
0.22618044520768327
0.272786457071707
-0.11657827517740169
0.427452187641943
-0.6411560509064809
-0.25754167596987443
-0.4850714455492263
-0.1501933169660136
-0.2129993051254428
0.4895505346232627
-0.7704474829594038
0.9981169702900754
-0.19902226326460595
0.5213465342889528
-0.198346919361568
0.15872908041691858
0.10336034965995919
-0.6832979645102372
0.5001477093077158
-0.08414770424607751
0.5123342989497371
0.24127984185049953
0.07410315557884763
0.34666812942585823
-0.2474930859849486
-0.20017442576159425
-1.1616538467219009
0.15105204947870085
0.19648771479206456
0.5352593530857935
1.1156031965767446
-0.3847482158033573
-0.1138583980150728
-0.31788612644480874
0.5448313441436823
-0.46228537511659373
-0.25196709745917667
1.0334688282849032
-0.19280576776314393
-0.2065391455181533
-0.9173496359174167
-0.20907450943432632
0.6643787344813463
0.524940444489771
0.1156788222908335
-0.9185951938299233
0.14213571941280234
0.5252156399249753
-0.43247434897475884
-0.053259266897839774
0.7903707932247247
0.426979744004481
-0.26609108387863945
0.032889729429785186
-0.21409703494241683
0.06914190400151503
0.9553514281406775
-0.42585536481669817
0.1567051482301603
-0.3422713788347576
-0.3985353402505123
-0.15353173489226177
0.055436008635951495
-0.43659069346457746
0.2524419800938209
0.020158612684865407
0.04420039196031467
0.24379014636487442
-0.6778047183929263
0.19850490136984278
-0.8767805463728336
-0.5115654907653281
-0.3973694469035983
0.15712139278484485
-0.2480724283229197
-0.25186358265735664
-0.5397970120964574
0.9322943896405488
0.7049968953524651
0.5301231138927132
0.041755731689073386
0.3634699123599315
-0.02327633966040485
-0.5637486204254238
-0.050483333114304516
1.1523445361764786
-0.5782884683935494
0.6342726996004051
-0.4288168418257456
-0.30732091233233905
-0.35423653771350766
0.4787375732713235
-0.5078586571083329
0.41875447992356496
0.1619329903886311
-0.4238843618797254
0.17709600799516598
0.35713999132797886
-0.05965383389684087
0.3095420376359059
0.21061921194966562
-0.20845534143613778
0.056511972113850596
0.1700089589809406
-0.9921224021290538
-0.6500222641141127
-0.09034186157734153
0.040732602219606395
-0.5266780208655406
-0.39560028569946726
-0.027469198194139344
0.36341773280477707
0.18140117531390862
0.31087793508535483
0.08290530161837556
0.8775448748440294
0.7216986121461124
-0.8216768615347069
-0.3921970112726323
1.0270251378722717
0.5961760304885786
